2.1
0.463
47041043.978095
455378960.78795
305859609.85757
579979226.72993
1758474318.1811
2014709854.0618
1711948042.2028
1352407290.3702
284234889.86764
1600035133.2549
1320615761.385
879610102.5904
852376257.60308
1258840625.4138
833720991.61177
1947816969.093
520582271.75759
938507979.56297
408841157.80962
1287620483.4004
403043345.81232
1649822776.2317
2054846560.043
1530942854.287
1153240565.463
1340095988.376
1535123695.285
619702887.711
1257802801.414
509573398.763
2091591514.026
2056838691.042
329525.792116
966334.902338
762520.874732
266078.015954
569978.695379
671141.723585
304431.838462
164548.2
981520.5
513669.5
551041.3
152739.7
564719
900301
85424.8806
286781.7608